source_line,ram_reported_mb,ram_total_reported_mb,swap_reported_mb,swap_total_reported_mb,ram_gib,swap_gib,gpu_temperature_c
1,734,7620,332,3810,0.716796875,0.32421875,47.625
2,918,7620,332,3810,0.896484375,0.32421875,47.843
3,3368,7620,332,3810,3.2890625,0.32421875,47.812
4,5067,7620,336,3810,4.9482421875,0.328125,47.687
5,5762,7620,336,3810,5.626953125,0.328125,47.781
6,5792,7620,336,3810,5.65625,0.328125,47.562
7,5827,7620,336,3810,5.6904296875,0.328125,47.687
8,5825,7620,336,3810,5.6884765625,0.328125,47.468
9,5827,7620,336,3810,5.6904296875,0.328125,47.687
10,5824,7620,336,3810,5.6875,0.328125,47.437
11,5824,7620,336,3810,5.6875,0.328125,47.562
12,6041,7620,336,3810,5.8994140625,0.328125,47.375
13,6126,7620,336,3810,5.982421875,0.328125,47.343
14,6120,7620,336,3810,5.9765625,0.328125,47.468
15,6115,7620,336,3810,5.9716796875,0.328125,47.218
16,6116,7620,336,3810,5.97265625,0.328125,47.437
17,6126,7620,336,3810,5.982421875,0.328125,47.343
18,6126,7620,336,3810,5.982421875,0.328125,47.312
19,6132,7620,336,3810,5.98828125,0.328125,47.406
20,6131,7620,336,3810,5.9873046875,0.328125,47.125
21,6127,7620,336,3810,5.9833984375,0.328125,47.406
22,6134,7620,336,3810,5.990234375,0.328125,47.343
23,6127,7620,336,3810,5.9833984375,0.328125,47.187
24,6127,7620,336,3810,5.9833984375,0.328125,47.343
25,6125,7620,336,3810,5.9814453125,0.328125,47.156
26,6125,7620,336,3810,5.9814453125,0.328125,47.031
27,6125,7620,336,3810,5.9814453125,0.328125,47.031
28,6126,7620,336,3810,5.982421875,0.328125,47.093
29,6126,7620,336,3810,5.982421875,0.328125,46.937
30,6125,7620,336,3810,5.9814453125,0.328125,47.093
31,6081,7620,336,3810,5.9384765625,0.328125,46.968
32,6082,7620,336,3810,5.939453125,0.328125,46.906
33,6122,7620,336,3810,5.978515625,0.328125,47.062
34,6121,7620,337,3810,5.9775390625,0.3291015625,46.875
35,6122,7620,337,3810,5.978515625,0.3291015625,47.062
36,6121,7620,337,3810,5.9775390625,0.3291015625,46.843
37,6121,7620,337,3810,5.9775390625,0.3291015625,47.062
38,6121,7620,337,3810,5.9775390625,0.3291015625,46.781
39,6122,7620,337,3810,5.978515625,0.3291015625,47.031
40,6122,7620,337,3810,5.978515625,0.3291015625,47.0
41,6123,7620,337,3810,5.9794921875,0.3291015625,46.906
42,6123,7620,337,3810,5.9794921875,0.3291015625,46.718
43,6122,7620,337,3810,5.978515625,0.3291015625,46.968
44,6118,7620,343,3810,5.974609375,0.3349609375,46.687
45,6118,7620,343,3810,5.974609375,0.3349609375,46.937
46,6119,7620,343,3810,5.9755859375,0.3349609375,46.781
47,6117,7620,343,3810,5.9736328125,0.3349609375,46.968
48,6117,7620,343,3810,5.9736328125,0.3349609375,46.718
49,6117,7620,343,3810,5.9736328125,0.3349609375,46.937
50,6115,7620,358,3810,5.9716796875,0.349609375,46.593
51,6116,7620,358,3810,5.97265625,0.349609375,46.875
52,6116,7620,358,3810,5.97265625,0.349609375,46.625
53,6116,7620,358,3810,5.97265625,0.349609375,46.843
54,6126,7620,358,3810,5.982421875,0.349609375,46.593
55,6125,7620,358,3810,5.9814453125,0.349609375,46.812
56,6124,7620,358,3810,5.98046875,0.349609375,46.562
57,6126,7620,358,3810,5.982421875,0.349609375,46.843
58,6125,7620,358,3810,5.9814453125,0.349609375,46.5
59,6124,7620,371,3810,5.98046875,0.3623046875,46.781
60,5822,7620,371,3810,5.685546875,0.3623046875,46.562
61,5822,7620,371,3810,5.685546875,0.3623046875,46.718
62,5892,7620,371,3810,5.75390625,0.3623046875,46.687
63,5991,7620,371,3810,5.8505859375,0.3623046875,46.843
64,5889,7620,371,3810,5.7509765625,0.3623046875,48.125
65,3885,7620,371,3810,3.7939453125,0.3623046875,47.218
66,3883,7620,371,3810,3.7919921875,0.3623046875,46.75
67,3894,7620,371,3810,3.802734375,0.3623046875,46.875
68,3893,7620,371,3810,3.8017578125,0.3623046875,46.562
69,3893,7620,371,3810,3.8017578125,0.3623046875,46.843
70,3893,7620,371,3810,3.8017578125,0.3623046875,46.843
71,3847,7620,371,3810,3.7568359375,0.3623046875,46.437
72,3840,7620,371,3810,3.75,0.3623046875,46.531
73,4030,7620,371,3810,3.935546875,0.3623046875,48.437
74,4030,7620,371,3810,3.935546875,0.3623046875,49.312
75,4030,7620,371,3810,3.935546875,0.3623046875,49.812
76,4030,7620,371,3810,3.935546875,0.3623046875,50.281
77,4031,7620,371,3810,3.9365234375,0.3623046875,50.687
78,4031,7620,371,3810,3.9365234375,0.3623046875,51.0
79,4033,7620,371,3810,3.9384765625,0.3623046875,51.187
80,4032,7620,371,3810,3.9375,0.3623046875,51.625
81,4032,7620,371,3810,3.9375,0.3623046875,51.562
82,4032,7620,371,3810,3.9375,0.3623046875,51.25
83,4032,7620,371,3810,3.9375,0.3623046875,51.875
84,2198,7620,371,3810,2.146484375,0.3623046875,50.0
85,3317,7620,370,3810,3.2392578125,0.361328125,51.156
86,3381,7620,370,3810,3.3017578125,0.361328125,51.718
87,3382,7620,370,3810,3.302734375,0.361328125,51.687
88,3785,7620,370,3810,3.6962890625,0.361328125,49.5
89,3783,7620,370,3810,3.6943359375,0.361328125,49.062
90,3783,7620,370,3810,3.6943359375,0.361328125,49.031
91,3783,7620,370,3810,3.6943359375,0.361328125,48.875
92,3783,7620,370,3810,3.6943359375,0.361328125,48.625
93,3783,7620,370,3810,3.6943359375,0.361328125,48.781
94,3783,7620,370,3810,3.6943359375,0.361328125,48.718
95,3781,7620,370,3810,3.6923828125,0.361328125,48.5
96,3770,7620,370,3810,3.681640625,0.361328125,48.625
97,3756,7620,370,3810,3.66796875,0.361328125,48.375
98,3756,7620,370,3810,3.66796875,0.361328125,48.468
99,3747,7620,370,3810,3.6591796875,0.361328125,48.5
100,3738,7620,370,3810,3.650390625,0.361328125,48.218
101,3728,7620,370,3810,3.640625,0.361328125,48.375
102,3717,7620,370,3810,3.6298828125,0.361328125,48.093
103,3708,7620,370,3810,3.62109375,0.361328125,48.312
104,3698,7620,370,3810,3.611328125,0.361328125,48.031
105,3693,7620,370,3810,3.6064453125,0.361328125,48.25
106,3690,7620,370,3810,3.603515625,0.361328125,48.031
107,3688,7620,370,3810,3.6015625,0.361328125,48.156
108,3686,7620,370,3810,3.599609375,0.361328125,48.0
109,3685,7620,370,3810,3.5986328125,0.361328125,48.156
110,3451,7620,370,3810,3.3701171875,0.361328125,50.625
111,4191,7620,370,3810,4.0927734375,0.361328125,48.468
112,4236,7620,370,3810,4.13671875,0.361328125,48.281
113,4236,7620,370,3810,4.13671875,0.361328125,48.187
114,4238,7620,370,3810,4.138671875,0.361328125,47.843
115,4199,7620,370,3810,4.1005859375,0.361328125,48.031
116,4198,7620,370,3810,4.099609375,0.361328125,48.093
117,4198,7620,370,3810,4.099609375,0.361328125,47.75
118,4194,7620,369,3810,4.095703125,0.3603515625,47.968
119,4200,7620,369,3810,4.1015625,0.3603515625,47.812
120,4197,7620,369,3810,4.0986328125,0.3603515625,47.687
121,4193,7620,368,3810,4.0947265625,0.359375,47.812
122,4194,7620,368,3810,4.095703125,0.359375,47.562
123,4195,7620,368,3810,4.0966796875,0.359375,47.718
124,4191,7620,368,3810,4.0927734375,0.359375,47.468
125,4191,7620,368,3810,4.0927734375,0.359375,47.593
126,4197,7620,368,3810,4.0986328125,0.359375,47.468
127,4197,7620,368,3810,4.0986328125,0.359375,47.468
128,4197,7620,368,3810,4.0986328125,0.359375,47.625
129,4191,7620,368,3810,4.0927734375,0.359375,47.375
130,4209,7620,368,3810,4.1103515625,0.359375,47.562
131,4106,7620,368,3810,4.009765625,0.359375,47.281
132,4194,7620,368,3810,4.095703125,0.359375,49.343
133,4195,7620,368,3810,4.0966796875,0.359375,50.531
134,4195,7620,368,3810,4.0966796875,0.359375,50.875
135,4195,7620,368,3810,4.0966796875,0.359375,51.187
136,4195,7620,368,3810,4.0966796875,0.359375,51.593
137,4195,7620,368,3810,4.0966796875,0.359375,51.906
138,4195,7620,368,3810,4.0966796875,0.359375,51.906
139,4195,7620,368,3810,4.0966796875,0.359375,51.968
140,4195,7620,368,3810,4.0966796875,0.359375,52.125
141,4195,7620,368,3810,4.0966796875,0.359375,52.593
142,4196,7620,368,3810,4.09765625,0.359375,52.718
143,2461,7620,368,3810,2.4033203125,0.359375,50.562
144,3140,7620,368,3810,3.06640625,0.359375,50.062
145,3495,7620,368,3810,3.4130859375,0.359375,51.718
146,3495,7620,368,3810,3.4130859375,0.359375,51.812
147,3495,7620,368,3810,3.4130859375,0.359375,51.843
148,2312,7620,368,3810,2.2578125,0.359375,50.281
